 10000 6 1 0.0 0.0
 0.68495E+00 0.00000E+00 0.00000E+00 0.22416E+00 0.90883E-01 0.00000E+00
 0.24633E+00 0.00000E+00 0.00000E+00 0.12972E+00 0.62395E+00 0.00000E+00
 0.82254E+00 0.00000E+00 0.00000E+00 0.12411E+00 0.53355E-01 0.00000E+00
 0.10191E+00 0.00000E+00 0.00000E+00 0.89809E+00 0.00000E+00 0.00000E+00
 0.31779E+00 0.00000E+00 0.65513E+00 0.00000E+00 0.27086E-01 0.00000E+00
 0.31328E+00 0.00000E+00 0.00000E+00 0.55603E+00 0.13069E+00 0.00000E+00
 0.91035E+00 0.00000E+00 0.00000E+00 0.74998E-01 0.14652E-01 0.00000E+00
 0.33802E+00 0.00000E+00 0.00000E+00 0.66198E+00 0.00000E+00 0.00000E+00
 0.43900E-01 0.00000E+00 0.00000E+00 0.74251E+00 0.21359E+00 0.00000E+00
 0.44407E+00 0.00000E+00 0.00000E+00 0.40447E+00 0.15147E+00 0.00000E+00
 0.26639E+00 0.00000E+00 0.00000E+00 0.73361E+00 0.00000E+00 0.00000E+00
 0.15465E+00 0.00000E+00 0.00000E+00 0.61806E+00 0.22729E+00 0.00000E+00
 0.44175E+00 0.00000E+00 0.00000E+00 0.36371E+00 0.19454E+00 0.00000E+00
 0.12874E+00 0.00000E+00 0.00000E+00 0.87126E+00 0.00000E+00 0.00000E+00
 0.17172E+00 0.00000E+00 0.00000E+00 0.55795E+00 0.27033E+00 0.00000E+00
 0.39605E+00 0.35620E+00 0.00000E+00 0.00000E+00 0.00000E+00 0.24776E+00
 0.67184E+00 0.00000E+00 0.00000E+00 0.15994E+00 0.16821E+00 0.00000E+00
 0.39363E+00 0.00000E+00 0.54883E+00 0.00000E+00 0.57537E-01 0.00000E+00
 0.34052E+00 0.00000E+00 0.49128E+00 0.00000E+00 0.16820E+00 0.00000E+00
 0.24323E+00 0.00000E+00 0.00000E+00 0.58404E+00 0.17273E+00 0.00000E+00
 0.72718E+00 0.00000E+00 0.18566E+00 0.00000E+00 0.87167E-01 0.00000E+00
 0.55805E-01 0.00000E+00 0.00000E+00 0.89439E+00 0.49801E-01 0.00000E+00
 0.80957E+00 0.00000E+00 0.00000E+00 0.11025E+00 0.80183E-01 0.00000E+00
 0.43185E+00 0.00000E+00 0.00000E+00 0.39821E+00 0.16994E+00 0.00000E+00
 0.30189E+00 0.00000E+00 0.00000E+00 0.63249E+00 0.65622E-01 0.00000E+00
 0.14011E+00 0.00000E+00 0.00000E+00 0.85989E+00 0.00000E+00 0.00000E+00
 0.79795E-01 0.00000E+00 0.32535E+00 0.00000E+00 0.59486E+00 0.00000E+00
 0.44231E-01 0.40970E+00 0.00000E+00 0.00000E+00 0.00000E+00 0.54607E+00
 0.12162E-01 0.00000E+00 0.00000E+00 0.85994E+00 0.12790E+00 0.00000E+00
 0.87088E-01 0.00000E+00 0.00000E+00 0.15565E+00 0.75726E+00 0.00000E+00
 0.43719E+00 0.00000E+00 0.00000E+00 0.43357E+00 0.12924E+00 0.00000E+00
 0.33467E+00 0.15492E+00 0.00000E+00 0.00000E+00 0.00000E+00 0.51042E+00
 0.69755E-01 0.39334E+00 0.00000E+00 0.00000E+00 0.00000E+00 0.53691E+00
 0.97539E-01 0.00000E+00 0.00000E+00 0.90246E+00 0.00000E+00 0.00000E+00
 0.12264E+00 0.00000E+00 0.49737E+00 0.00000E+00 0.37999E+00 0.00000E+00
 0.65636E+00 0.00000E+00 0.00000E+00 0.31736E+00 0.26274E-01 0.00000E+00
 0.34896E+00 0.00000E+00 0.00000E+00 0.65104E+00 0.00000E+00 0.00000E+00
 0.54901E+00 0.00000E+00 0.00000E+00 0.37731E+00 0.73687E-01 0.00000E+00
 0.12398E+00 0.00000E+00 0.42974E+00 0.00000E+00 0.44628E+00 0.00000E+00
 0.37062E+00 0.00000E+00 0.00000E+00 0.62938E+00 0.00000E+00 0.00000E+00
 0.77743E+00 0.00000E+00 0.00000E+00 0.70746E-01 0.15182E+00 0.00000E+00
 0.30680E+00 0.00000E+00 0.00000E+00 0.18171E+00 0.51149E+00 0.00000E+00
 0.64402E+00 0.00000E+00 0.00000E+00 0.85054E-01 0.27093E+00 0.00000E+00
 0.32763E+00 0.29650E+00 0.00000E+00 0.00000E+00 0.00000E+00 0.37587E+00
 0.48655E+00 0.00000E+00 0.00000E+00 0.15144E+00 0.36201E+00 0.00000E+00
 0.11618E+00 0.00000E+00 0.00000E+00 0.68667E+00 0.19715E+00 0.00000E+00
 0.31820E+00 0.00000E+00 0.00000E+00 0.68180E+00 0.00000E+00 0.00000E+00
 0.31521E-01 0.00000E+00 0.00000E+00 0.33788E+00 0.63060E+00 0.00000E+00
 0.58072E+00 0.00000E+00 0.00000E+00 0.86387E-01 0.33289E+00 0.00000E+00
 0.67041E+00 0.00000E+00 0.00000E+00 0.14222E+00 0.18737E+00 0.00000E+00
 0.58834E+00 0.23357E+00 0.00000E+00 0.00000E+00 0.00000E+00 0.17809E+00
 0.25366E+00 0.00000E+00 0.00000E+00 0.24105E+00 0.50529E+00 0.00000E+00
 0.16764E+00 0.00000E+00 0.00000E+00 0.83236E+00 0.00000E+00 0.00000E+00
 0.62224E+00 0.00000E+00 0.00000E+00 0.14436E+00 0.23340E+00 0.00000E+00
 0.56276E+00 0.00000E+00 0.00000E+00 0.43724E+00 0.00000E+00 0.00000E+00
 0.45308E-01 0.76279E+00 0.00000E+00 0.00000E+00 0.00000E+00 0.19191E+00
 0.74955E-01 0.00000E+00 0.00000E+00 0.92505E+00 0.00000E+00 0.00000E+00
 0.26556E+00 0.62070E+00 0.00000E+00 0.00000E+00 0.00000E+00 0.11374E+00
 0.15115E-01 0.00000E+00 0.00000E+00 0.98489E+00 0.00000E+00 0.00000E+00
 0.58407E+00 0.00000E+00 0.31405E+00 0.00000E+00 0.10188E+00 0.00000E+00
 0.77289E-01 0.00000E+00 0.00000E+00 0.65470E+00 0.26801E+00 0.00000E+00
 0.85645E-01 0.00000E+00 0.11453E+00 0.00000E+00 0.79983E+00 0.00000E+00
 0.20348E+00 0.00000E+00 0.60547E+00 0.00000E+00 0.19105E+00 0.00000E+00
 0.19516E+00 0.78693E+00 0.00000E+00 0.00000E+00 0.00000E+00 0.17911E-01
 0.72095E+00 0.00000E+00 0.00000E+00 0.18450E+00 0.94548E-01 0.00000E+00
 0.14888E+00 0.00000E+00 0.70247E+00 0.00000E+00 0.14864E+00 0.00000E+00
 0.12302E+00 0.00000E+00 0.59238E+00 0.00000E+00 0.28460E+00 0.00000E+00
 0.50981E+00 0.00000E+00 0.39228E+00 0.00000E+00 0.97908E-01 0.00000E+00
 0.28547E+00 0.00000E+00 0.00000E+00 0.55120E+00 0.16333E+00 0.00000E+00
 0.13721E+00 0.00000E+00 0.00000E+00 0.86279E+00 0.00000E+00 0.00000E+00
 0.24830E+00 0.00000E+00 0.00000E+00 0.61720E+00 0.13450E+00 0.00000E+00
 0.64106E+00 0.33635E+00 0.00000E+00 0.00000E+00 0.00000E+00 0.22584E-01
 0.86559E+00 0.12204E+00 0.00000E+00 0.00000E+00 0.00000E+00 0.12371E-01
 0.65015E+00 0.00000E+00 0.00000E+00 0.34985E+00 0.00000E+00 0.00000E+00
 0.33695E+00 0.00000E+00 0.00000E+00 0.66305E+00 0.00000E+00 0.00000E+00
 0.16219E+00 0.00000E+00 0.00000E+00 0.79087E-01 0.75872E+00 0.00000E+00
 0.27434E+00 0.00000E+00 0.00000E+00 0.60355E+00 0.12211E+00 0.00000E+00
 0.50309E-01 0.00000E+00 0.00000E+00 0.87106E+00 0.78627E-01 0.00000E+00
 0.36050E+00 0.00000E+00 0.00000E+00 0.19292E+00 0.44658E+00 0.00000E+00
 0.66876E+00 0.00000E+00 0.00000E+00 0.12175E+00 0.20949E+00 0.00000E+00
 0.56658E-01 0.00000E+00 0.00000E+00 0.83201E-01 0.86014E+00 0.00000E+00
 0.16517E-01 0.00000E+00 0.00000E+00 0.98348E+00 0.00000E+00 0.00000E+00
 0.17002E+00 0.00000E+00 0.00000E+00 0.36692E+00 0.46306E+00 0.00000E+00
 0.20443E+00 0.00000E+00 0.00000E+00 0.79557E+00 0.00000E+00 0.00000E+00
 0.15284E-01 0.00000E+00 0.68876E+00 0.00000E+00 0.29596E+00 0.00000E+00
 0.11327E+00 0.44115E-01 0.00000E+00 0.00000E+00 0.00000E+00 0.84261E+00
 0.54614E-01 0.00000E+00 0.29303E+00 0.00000E+00 0.65236E+00 0.00000E+00
 0.64138E+00 0.00000E+00 0.00000E+00 0.35862E+00 0.00000E+00 0.00000E+00
 0.11325E+00 0.00000E+00 0.00000E+00 0.71106E+00 0.17569E+00 0.00000E+00
 0.28013E-01 0.00000E+00 0.73210E+00 0.00000E+00 0.23989E+00 0.00000E+00
 0.41099E+00 0.00000E+00 0.00000E+00 0.23116E-01 0.56589E+00 0.00000E+00
 0.10253E+00 0.00000E+00 0.00000E+00 0.89747E+00 0.00000E+00 0.00000E+00
 0.23683E+00 0.00000E+00 0.00000E+00 0.59616E-01 0.70356E+00 0.00000E+00
 0.22530E+00 0.00000E+00 0.00000E+00 0.19399E+00 0.58071E+00 0.00000E+00
 0.10310E+00 0.00000E+00 0.00000E+00 0.35155E+00 0.54535E+00 0.00000E+00
 0.42746E+00 0.00000E+00 0.00000E+00 0.17348E+00 0.39906E+00 0.00000E+00
 0.85660E-01 0.00000E+00 0.00000E+00 0.62731E-01 0.85161E+00 0.00000E+00
 0.14710E+00 0.00000E+00 0.00000E+00 0.78608E+00 0.66822E-01 0.00000E+00
 0.68827E-01 0.00000E+00 0.00000E+00 0.87394E+00 0.57234E-01 0.00000E+00
 0.27975E+00 0.00000E+00 0.00000E+00 0.47632E+00 0.24393E+00 0.00000E+00
 0.71113E+00 0.21424E+00 0.00000E+00 0.00000E+00 0.00000E+00 0.74628E-01
 0.57547E+00 0.00000E+00 0.00000E+00 0.37940E+00 0.45127E-01 0.00000E+00
 0.22738E+00 0.00000E+00 0.00000E+00 0.64004E+00 0.13259E+00 0.00000E+00
 0.47877E+00 0.38493E+00 0.00000E+00 0.00000E+00 0.00000E+00 0.13630E+00
 0.31840E+00 0.00000E+00 0.31549E+00 0.00000E+00 0.36611E+00 0.00000E+00
 0.29312E+00 0.00000E+00 0.00000E+00 0.37856E+00 0.32832E+00 0.00000E+00
 0.29525E+00 0.00000E+00 0.62857E+00 0.00000E+00 0.76185E-01 0.00000E+00
 0.41742E+00 0.00000E+00 0.20077E+00 0.00000E+00 0.38181E+00 0.00000E+00
 0.30873E+00 0.00000E+00 0.00000E+00 0.29917E+00 0.39210E+00 0.00000E+00
 0.28387E+00 0.00000E+00 0.00000E+00 0.71613E+00 0.00000E+00 0.00000E+00
 0.26420E+00 0.00000E+00 0.00000E+00 0.73580E+00 0.00000E+00 0.00000E+00
 0.28196E+00 0.45410E+00 0.00000E+00 0.00000E+00 0.00000E+00 0.26394E+00
 0.39166E+00 0.00000E+00 0.00000E+00 0.47614E-01 0.56073E+00 0.00000E+00
 0.76578E+00 0.00000E+00 0.00000E+00 0.14087E+00 0.93350E-01 0.00000E+00
 0.25983E+00 0.00000E+00 0.00000E+00 0.74017E+00 0.00000E+00 0.00000E+00
 0.74327E-01 0.00000E+00 0.00000E+00 0.92567E+00 0.00000E+00 0.00000E+00
 0.60700E+00 0.00000E+00 0.00000E+00 0.29147E-01 0.36385E+00 0.00000E+00
 0.40911E+00 0.51132E+00 0.00000E+00 0.00000E+00 0.00000E+00 0.79569E-01
 0.30834E+00 0.00000E+00 0.00000E+00 0.19264E+00 0.49902E+00 0.00000E+00
 0.87401E+00 0.11651E+00 0.00000E+00 0.00000E+00 0.00000E+00 0.94814E-02
 0.57546E+00 0.38650E+00 0.00000E+00 0.00000E+00 0.00000E+00 0.38042E-01
 0.17128E+00 0.00000E+00 0.00000E+00 0.82872E+00 0.00000E+00 0.00000E+00
 0.16580E+00 0.00000E+00 0.00000E+00 0.83420E+00 0.00000E+00 0.00000E+00
 0.35663E+00 0.46256E+00 0.00000E+00 0.00000E+00 0.00000E+00 0.18080E+00
 0.45323E+00 0.00000E+00 0.00000E+00 0.54677E+00 0.00000E+00 0.00000E+00
 0.35960E+00 0.00000E+00 0.27771E+00 0.00000E+00 0.36269E+00 0.00000E+00
 0.39992E+00 0.00000E+00 0.00000E+00 0.30566E+00 0.29441E+00 0.00000E+00
 0.46691E+00 0.26432E+00 0.00000E+00 0.00000E+00 0.00000E+00 0.26877E+00
 0.21958E+00 0.00000E+00 0.32943E+00 0.00000E+00 0.45099E+00 0.00000E+00
 0.22495E+00 0.00000E+00 0.00000E+00 0.77505E+00 0.00000E+00 0.00000E+00
 0.15414E+00 0.00000E+00 0.00000E+00 0.49469E+00 0.35116E+00 0.00000E+00
 0.36974E+00 0.00000E+00 0.00000E+00 0.63026E+00 0.00000E+00 0.00000E+00
 0.46615E-01 0.58625E+00 0.00000E+00 0.00000E+00 0.00000E+00 0.36713E+00
 0.22376E+00 0.42491E-01 0.00000E+00 0.00000E+00 0.00000E+00 0.73375E+00
 0.23451E+00 0.28546E+00 0.00000E+00 0.00000E+00 0.00000E+00 0.48003E+00
 0.63077E+00 0.00000E+00 0.00000E+00 0.22148E-01 0.34709E+00 0.00000E+00
 0.79602E-01 0.00000E+00 0.00000E+00 0.21891E+00 0.70149E+00 0.00000E+00
 0.28753E+00 0.13075E+00 0.00000E+00 0.00000E+00 0.00000E+00 0.58172E+00
 0.24850E+00 0.00000E+00 0.00000E+00 0.75150E+00 0.00000E+00 0.00000E+00
 0.33541E+00 0.00000E+00 0.00000E+00 0.13829E+00 0.52630E+00 0.00000E+00
 0.81631E-01 0.00000E+00 0.00000E+00 0.32067E+00 0.59770E+00 0.00000E+00
 0.18453E+00 0.00000E+00 0.34799E+00 0.00000E+00 0.46748E+00 0.00000E+00
 0.48182E+00 0.00000E+00 0.00000E+00 0.34205E+00 0.17613E+00 0.00000E+00
 0.81781E-01 0.00000E+00 0.00000E+00 0.91822E+00 0.00000E+00 0.00000E+00
 0.83978E-01 0.00000E+00 0.00000E+00 0.91602E+00 0.00000E+00 0.00000E+00
 0.55093E+00 0.00000E+00 0.42684E+00 0.00000E+00 0.22226E-01 0.00000E+00
 0.66223E+00 0.00000E+00 0.00000E+00 0.20431E+00 0.13346E+00 0.00000E+00
 0.53766E+00 0.10077E+00 0.00000E+00 0.00000E+00 0.00000E+00 0.36157E+00
 0.16586E+00 0.00000E+00 0.34305E+00 0.00000E+00 0.49109E+00 0.00000E+00
 0.10030E+00 0.00000E+00 0.00000E+00 0.89970E+00 0.00000E+00 0.00000E+00
 0.39675E+00 0.00000E+00 0.00000E+00 0.43098E+00 0.17227E+00 0.00000E+00
 0.37337E+00 0.00000E+00 0.00000E+00 0.60706E+00 0.19569E-01 0.00000E+00
 0.94962E-01 0.00000E+00 0.00000E+00 0.90504E+00 0.00000E+00 0.00000E+00
 0.11245E+00 0.00000E+00 0.00000E+00 0.86551E+00 0.22034E-01 0.00000E+00
 0.51237E+00 0.00000E+00 0.00000E+00 0.97442E-01 0.39019E+00 0.00000E+00
 0.23148E+00 0.00000E+00 0.00000E+00 0.80819E-01 0.68770E+00 0.00000E+00
 0.80565E-01 0.00000E+00 0.00000E+00 0.68565E+00 0.23379E+00 0.00000E+00
 0.39295E+00 0.00000E+00 0.00000E+00 0.60705E+00 0.00000E+00 0.00000E+00
 0.10578E-01 0.00000E+00 0.00000E+00 0.94524E+00 0.44186E-01 0.00000E+00
 0.57436E+00 0.00000E+00 0.23482E+00 0.00000E+00 0.19083E+00 0.00000E+00
 0.18115E+00 0.00000E+00 0.00000E+00 0.81885E+00 0.00000E+00 0.00000E+00
 0.15087E+00 0.00000E+00 0.00000E+00 0.84913E+00 0.00000E+00 0.00000E+00
 0.35710E-02 0.80454E+00 0.00000E+00 0.00000E+00 0.00000E+00 0.19189E+00
 0.34309E-01 0.50901E+00 0.00000E+00 0.00000E+00 0.00000E+00 0.45669E+00
 0.95109E-01 0.68223E+00 0.00000E+00 0.00000E+00 0.00000E+00 0.22266E+00
 0.31724E-01 0.00000E+00 0.21310E+00 0.00000E+00 0.75518E+00 0.00000E+00
 0.69094E-01 0.00000E+00 0.00000E+00 0.77582E+00 0.15509E+00 0.00000E+00
 0.42372E+00 0.29151E+00 0.00000E+00 0.00000E+00 0.00000E+00 0.28476E+00
 0.40548E+00 0.00000E+00 0.27366E+00 0.00000E+00 0.32086E+00 0.00000E+00
 0.45442E-01 0.31890E+00 0.00000E+00 0.00000E+00 0.00000E+00 0.63566E+00
 0.20085E+00 0.00000E+00 0.00000E+00 0.41088E+00 0.38827E+00 0.00000E+00
 0.12889E+00 0.00000E+00 0.00000E+00 0.13980E+00 0.73131E+00 0.00000E+00
 0.71083E-03 0.00000E+00 0.00000E+00 0.99929E+00 0.00000E+00 0.00000E+00
 0.78939E+00 0.00000E+00 0.00000E+00 0.21061E+00 0.00000E+00 0.00000E+00
 0.15935E+00 0.00000E+00 0.00000E+00 0.84065E+00 0.00000E+00 0.00000E+00
 0.24219E+00 0.00000E+00 0.00000E+00 0.55846E+00 0.19935E+00 0.00000E+00
 0.28049E+00 0.00000E+00 0.32864E+00 0.00000E+00 0.39086E+00 0.00000E+00
 0.64101E+00 0.00000E+00 0.00000E+00 0.24192E+00 0.11706E+00 0.00000E+00
 0.50330E+00 0.00000E+00 0.00000E+00 0.49670E+00 0.00000E+00 0.00000E+00
 0.32884E+00 0.00000E+00 0.00000E+00 0.49019E+00 0.18097E+00 0.00000E+00
 0.28317E+00 0.00000E+00 0.59166E+00 0.00000E+00 0.12516E+00 0.00000E+00
 0.23962E-01 0.00000E+00 0.00000E+00 0.92132E+00 0.54719E-01 0.00000E+00
 0.11244E+00 0.77432E+00 0.00000E+00 0.00000E+00 0.00000E+00 0.11324E+00
 0.11090E+00 0.00000E+00 0.78317E+00 0.00000E+00 0.10593E+00 0.00000E+00
 0.66063E+00 0.00000E+00 0.00000E+00 0.40780E-01 0.29859E+00 0.00000E+00
 0.11566E+00 0.40436E+00 0.00000E+00 0.00000E+00 0.00000E+00 0.47998E+00
 0.41077E+00 0.00000E+00 0.00000E+00 0.15692E+00 0.43231E+00 0.00000E+00
 0.57830E+00 0.00000E+00 0.39090E+00 0.00000E+00 0.30794E-01 0.00000E+00
 0.70903E+00 0.12592E+00 0.00000E+00 0.00000E+00 0.00000E+00 0.16505E+00
 0.13879E+00 0.00000E+00 0.00000E+00 0.51252E+00 0.34869E+00 0.00000E+00
 0.45511E-01 0.00000E+00 0.00000E+00 0.43872E-01 0.91062E+00 0.00000E+00
 0.22184E+00 0.00000E+00 0.00000E+00 0.77816E+00 0.00000E+00 0.00000E+00
 0.44373E+00 0.00000E+00 0.00000E+00 0.32422E+00 0.23205E+00 0.00000E+00
 0.13381E+00 0.00000E+00 0.72329E+00 0.00000E+00 0.14290E+00 0.00000E+00
 0.74204E+00 0.00000E+00 0.23989E+00 0.00000E+00 0.18077E-01 0.00000E+00
 0.13793E+00 0.00000E+00 0.00000E+00 0.86207E+00 0.00000E+00 0.00000E+00
 0.34934E+00 0.00000E+00 0.00000E+00 0.65066E+00 0.00000E+00 0.00000E+00
 0.64647E-01 0.00000E+00 0.00000E+00 0.86780E+00 0.67551E-01 0.00000E+00
 0.74783E-01 0.22781E+00 0.00000E+00 0.00000E+00 0.00000E+00 0.69741E+00
 0.67626E+00 0.00000E+00 0.31572E+00 0.00000E+00 0.80161E-02 0.00000E+00
 0.69067E+00 0.00000E+00 0.00000E+00 0.17715E+00 0.13217E+00 0.00000E+00
 0.10199E+00 0.00000E+00 0.39874E+00 0.00000E+00 0.49927E+00 0.00000E+00
 0.47203E+00 0.00000E+00 0.00000E+00 0.52797E+00 0.00000E+00 0.00000E+00
 0.28329E+00 0.00000E+00 0.00000E+00 0.71671E+00 0.00000E+00 0.00000E+00
 0.98191E-01 0.00000E+00 0.54266E+00 0.00000E+00 0.35915E+00 0.00000E+00
 0.54846E+00 0.00000E+00 0.00000E+00 0.45154E+00 0.00000E+00 0.00000E+00
 0.33834E+00 0.39860E+00 0.00000E+00 0.00000E+00 0.00000E+00 0.26306E+00
 0.20886E+00 0.00000E+00 0.00000E+00 0.93273E-01 0.69786E+00 0.00000E+00
 0.18197E+00 0.00000E+00 0.52709E+00 0.00000E+00 0.29094E+00 0.00000E+00
 0.36717E+00 0.13239E+00 0.00000E+00 0.00000E+00 0.00000E+00 0.50044E+00
 0.34660E-01 0.00000E+00 0.71894E+00 0.00000E+00 0.24640E+00 0.00000E+00
 0.30013E+00 0.56087E+00 0.00000E+00 0.00000E+00 0.00000E+00 0.13899E+00
 0.57843E+00 0.00000E+00 0.00000E+00 0.33907E+00 0.82494E-01 0.00000E+00
 0.34212E+00 0.00000E+00 0.00000E+00 0.65788E+00 0.00000E+00 0.00000E+00
 0.18199E+00 0.00000E+00 0.00000E+00 0.61534E+00 0.20267E+00 0.00000E+00
 0.37241E-01 0.00000E+00 0.00000E+00 0.62676E+00 0.33600E+00 0.00000E+00
 0.93123E-01 0.00000E+00 0.00000E+00 0.59785E+00 0.30903E+00 0.00000E+00
 0.57324E-01 0.00000E+00 0.00000E+00 0.11304E+00 0.82963E+00 0.00000E+00
 0.18221E+00 0.41579E+00 0.00000E+00 0.00000E+00 0.00000E+00 0.40201E+00
 0.14805E+00 0.00000E+00 0.00000E+00 0.85195E+00 0.00000E+00 0.00000E+00
 0.47401E+00 0.00000E+00 0.00000E+00 0.50570E+00 0.20291E-01 0.00000E+00
 0.72398E+00 0.00000E+00 0.00000E+00 0.10573E+00 0.17029E+00 0.00000E+00
 0.83225E-01 0.61226E+00 0.00000E+00 0.00000E+00 0.00000E+00 0.30451E+00
 0.78286E+00 0.00000E+00 0.18763E+00 0.00000E+00 0.29511E-01 0.00000E+00
 0.27907E-01 0.00000E+00 0.00000E+00 0.21308E+00 0.75901E+00 0.00000E+00
 0.33866E+00 0.00000E+00 0.17791E+00 0.00000E+00 0.48343E+00 0.00000E+00
 0.30978E-01 0.00000E+00 0.00000E+00 0.75624E+00 0.21278E+00 0.00000E+00
 0.61012E+00 0.00000E+00 0.00000E+00 0.28568E+00 0.10420E+00 0.00000E+00
 0.34650E+00 0.00000E+00 0.29916E+00 0.00000E+00 0.35434E+00 0.00000E+00
 0.36671E-01 0.00000E+00 0.00000E+00 0.41511E+00 0.54822E+00 0.00000E+00
 0.18567E+00 0.00000E+00 0.00000E+00 0.24373E-01 0.78996E+00 0.00000E+00
 0.12509E+00 0.00000E+00 0.75461E+00 0.00000E+00 0.12030E+00 0.00000E+00
 0.28542E+00 0.00000E+00 0.00000E+00 0.71458E+00 0.00000E+00 0.00000E+00
 0.34805E+00 0.00000E+00 0.00000E+00 0.65195E+00 0.00000E+00 0.00000E+00
 0.30986E+00 0.00000E+00 0.00000E+00 0.69014E+00 0.00000E+00 0.00000E+00
 0.46471E+00 0.00000E+00 0.00000E+00 0.45203E+00 0.83258E-01 0.00000E+00
 0.16032E+00 0.00000E+00 0.00000E+00 0.83968E+00 0.00000E+00 0.00000E+00
 0.85430E-01 0.68761E+00 0.00000E+00 0.00000E+00 0.00000E+00 0.22697E+00
 0.41548E+00 0.00000E+00 0.17353E+00 0.00000E+00 0.41099E+00 0.00000E+00
 0.99176E-01 0.00000E+00 0.00000E+00 0.90082E+00 0.00000E+00 0.00000E+00
 0.14504E+00 0.00000E+00 0.00000E+00 0.77891E+00 0.76049E-01 0.00000E+00
 0.16256E+00 0.00000E+00 0.00000E+00 0.83744E+00 0.00000E+00 0.00000E+00
 0.26162E-02 0.00000E+00 0.00000E+00 0.99738E+00 0.00000E+00 0.00000E+00
 0.71449E+00 0.00000E+00 0.00000E+00 0.21194E+00 0.73568E-01 0.00000E+00
 0.63908E-01 0.00000E+00 0.10022E+00 0.00000E+00 0.83587E+00 0.00000E+00
 0.67442E+00 0.00000E+00 0.00000E+00 0.20061E+00 0.12498E+00 0.00000E+00
 0.28002E+00 0.00000E+00 0.00000E+00 0.34561E+00 0.37437E+00 0.00000E+00
 0.66069E+00 0.00000E+00 0.00000E+00 0.28530E+00 0.54019E-01 0.00000E+00
 0.37154E+00 0.00000E+00 0.18614E+00 0.00000E+00 0.44232E+00 0.00000E+00
 0.69034E-02 0.52334E+00 0.00000E+00 0.00000E+00 0.00000E+00 0.46976E+00
 0.20993E+00 0.00000E+00 0.00000E+00 0.65111E+00 0.13895E+00 0.00000E+00
 0.68493E+00 0.00000E+00 0.31064E+00 0.00000E+00 0.44215E-02 0.00000E+00
 0.34685E+00 0.00000E+00 0.00000E+00 0.65315E+00 0.00000E+00 0.00000E+00
 0.24773E+00 0.29715E+00 0.00000E+00 0.00000E+00 0.00000E+00 0.45512E+00
 0.32686E+00 0.00000E+00 0.00000E+00 0.67314E+00 0.00000E+00 0.00000E+00
 0.15654E+00 0.00000E+00 0.10114E+00 0.00000E+00 0.74232E+00 0.00000E+00
 0.28303E+00 0.00000E+00 0.00000E+00 0.45129E+00 0.26568E+00 0.00000E+00
 0.80769E-01 0.00000E+00 0.40025E+00 0.00000E+00 0.51898E+00 0.00000E+00
 0.19852E+00 0.00000E+00 0.00000E+00 0.78348E-01 0.72313E+00 0.00000E+00
 0.46123E+00 0.00000E+00 0.00000E+00 0.51727E+00 0.21505E-01 0.00000E+00
 0.44183E-01 0.00000E+00 0.00000E+00 0.95582E+00 0.00000E+00 0.00000E+00
 0.17484E+00 0.00000E+00 0.00000E+00 0.66459E+00 0.16057E+00 0.00000E+00
 0.19679E+00 0.52054E+00 0.00000E+00 0.00000E+00 0.00000E+00 0.28268E+00
 0.70209E-01 0.26961E+00 0.00000E+00 0.00000E+00 0.00000E+00 0.66018E+00
 0.68295E+00 0.00000E+00 0.31510E+00 0.00000E+00 0.19486E-02 0.00000E+00
 0.63448E+00 0.00000E+00 0.00000E+00 0.26159E+00 0.10393E+00 0.00000E+00
 0.27904E+00 0.00000E+00 0.00000E+00 0.56087E+00 0.16009E+00 0.00000E+00
 0.47667E+00 0.00000E+00 0.00000E+00 0.19823E+00 0.32510E+00 0.00000E+00
 0.56646E+00 0.12570E+00 0.00000E+00 0.00000E+00 0.00000E+00 0.30784E+00
 0.24829E+00 0.00000E+00 0.00000E+00 0.75171E+00 0.00000E+00 0.00000E+00
 0.26054E+00 0.38463E+00 0.00000E+00 0.00000E+00 0.00000E+00 0.35483E+00
 0.34224E+00 0.50066E+00 0.00000E+00 0.00000E+00 0.00000E+00 0.15710E+00
 0.11071E+00 0.00000E+00 0.00000E+00 0.78151E+00 0.10778E+00 0.00000E+00
 0.89525E-01 0.00000E+00 0.90313E+00 0.00000E+00 0.73460E-02 0.00000E+00
 0.31960E+00 0.00000E+00 0.59706E+00 0.00000E+00 0.83349E-01 0.00000E+00
 0.40877E+00 0.00000E+00 0.00000E+00 0.59123E+00 0.00000E+00 0.00000E+00
 0.17429E+00 0.00000E+00 0.00000E+00 0.82571E+00 0.00000E+00 0.00000E+00
 0.57800E+00 0.00000E+00 0.00000E+00 0.38661E+00 0.35392E-01 0.00000E+00
 0.32234E+00 0.00000E+00 0.44735E+00 0.00000E+00 0.23031E+00 0.00000E+00
 0.68962E+00 0.00000E+00 0.00000E+00 0.26075E+00 0.49630E-01 0.00000E+00
 0.31919E+00 0.00000E+00 0.00000E+00 0.26812E-01 0.65400E+00 0.00000E+00
 0.57884E+00 0.00000E+00 0.00000E+00 0.40276E+00 0.18398E-01 0.00000E+00
 0.22659E+00 0.00000E+00 0.00000E+00 0.65113E+00 0.12228E+00 0.00000E+00
 0.28135E+00 0.00000E+00 0.00000E+00 0.59058E+00 0.12807E+00 0.00000E+00
 0.21563E+00 0.00000E+00 0.00000E+00 0.78436E+00 0.00000E+00 0.00000E+00
 0.22582E+00 0.00000E+00 0.00000E+00 0.77418E+00 0.00000E+00 0.00000E+00
 0.21011E+00 0.00000E+00 0.00000E+00 0.39821E+00 0.39168E+00 0.00000E+00
 0.74694E+00 0.00000E+00 0.15409E+00 0.00000E+00 0.98971E-01 0.00000E+00
 0.45385E-01 0.00000E+00 0.28984E+00 0.00000E+00 0.66478E+00 0.00000E+00
 0.56146E-01 0.48260E+00 0.00000E+00 0.00000E+00 0.00000E+00 0.46125E+00
 0.26733E+00 0.00000E+00 0.55904E+00 0.00000E+00 0.17363E+00 0.00000E+00
 0.59932E-01 0.00000E+00 0.00000E+00 0.18761E+00 0.75246E+00 0.00000E+00
 0.96290E-01 0.00000E+00 0.00000E+00 0.67818E-01 0.83589E+00 0.00000E+00
 0.33644E+00 0.00000E+00 0.00000E+00 0.61207E+00 0.51486E-01 0.00000E+00
 0.39618E+00 0.00000E+00 0.13007E+00 0.00000E+00 0.47375E+00 0.00000E+00
 0.75265E+00 0.11153E+00 0.00000E+00 0.00000E+00 0.00000E+00 0.13581E+00
 0.20385E+00 0.00000E+00 0.00000E+00 0.63509E+00 0.16105E+00 0.00000E+00
 0.26646E+00 0.00000E+00 0.00000E+00 0.73354E+00 0.00000E+00 0.00000E+00
 0.41717E+00 0.00000E+00 0.00000E+00 0.51591E+00 0.66919E-01 0.00000E+00
 0.14277E+00 0.00000E+00 0.00000E+00 0.78045E+00 0.76777E-01 0.00000E+00
 0.14819E+00 0.49029E+00 0.00000E+00 0.00000E+00 0.11871E-02 0.36033E+00
 0.59452E+00 0.00000E+00 0.17094E+00 0.00000E+00 0.23453E+00 0.00000E+00
 0.38012E+00 0.00000E+00 0.00000E+00 0.61988E+00 0.00000E+00 0.00000E+00
 0.76217E+00 0.00000E+00 0.00000E+00 0.14012E+00 0.97712E-01 0.00000E+00
 0.21144E-01 0.00000E+00 0.00000E+00 0.97886E+00 0.00000E+00 0.00000E+00
 0.14065E+00 0.71183E+00 0.00000E+00 0.00000E+00 0.10761E+00 0.39908E-01
 0.28151E+00 0.00000E+00 0.00000E+00 0.49505E+00 0.22343E+00 0.00000E+00
 0.53244E+00 0.00000E+00 0.00000E+00 0.13421E+00 0.33335E+00 0.00000E+00
 0.42811E+00 0.00000E+00 0.00000E+00 0.39713E-01 0.53217E+00 0.00000E+00
 0.21609E-01 0.00000E+00 0.89434E+00 0.00000E+00 0.84048E-01 0.00000E+00
 0.84185E-01 0.00000E+00 0.00000E+00 0.22617E+00 0.68965E+00 0.00000E+00
 0.48436E+00 0.00000E+00 0.00000E+00 0.47635E+00 0.39289E-01 0.00000E+00
 0.12266E+00 0.00000E+00 0.00000E+00 0.40853E-01 0.83649E+00 0.00000E+00
 0.14809E-01 0.00000E+00 0.00000E+00 0.91666E+00 0.68534E-01 0.00000E+00
 0.53778E+00 0.00000E+00 0.41507E+00 0.00000E+00 0.47147E-01 0.00000E+00
 0.16027E+00 0.18992E+00 0.00000E+00 0.00000E+00 0.00000E+00 0.64981E+00
 0.51501E+00 0.00000E+00 0.00000E+00 0.34028E+00 0.14470E+00 0.00000E+00
 0.27230E+00 0.00000E+00 0.00000E+00 0.72770E+00 0.00000E+00 0.00000E+00
 0.56781E+00 0.00000E+00 0.24853E+00 0.00000E+00 0.18366E+00 0.00000E+00
 0.97311E-01 0.76665E+00 0.00000E+00 0.00000E+00 0.00000E+00 0.13604E+00
 0.20930E+00 0.26417E+00 0.00000E+00 0.00000E+00 0.00000E+00 0.52653E+00
 0.15656E+00 0.00000E+00 0.00000E+00 0.84344E+00 0.00000E+00 0.00000E+00
 0.53263E+00 0.00000E+00 0.46274E+00 0.00000E+00 0.46349E-02 0.00000E+00
 0.26244E+00 0.00000E+00 0.00000E+00 0.61011E+00 0.12745E+00 0.00000E+00
 0.40870E+00 0.00000E+00 0.00000E+00 0.29135E+00 0.29994E+00 0.00000E+00
 0.42919E+00 0.00000E+00 0.00000E+00 0.33836E+00 0.23244E+00 0.00000E+00
 0.26709E+00 0.00000E+00 0.00000E+00 0.68390E+00 0.49013E-01 0.00000E+00
 0.55328E+00 0.20561E+00 0.00000E+00 0.00000E+00 0.00000E+00 0.24110E+00
 0.35362E+00 0.52842E+00 0.00000E+00 0.00000E+00 0.00000E+00 0.11796E+00
 0.20983E+00 0.00000E+00 0.00000E+00 0.38347E-01 0.75182E+00 0.00000E+00
 0.57551E+00 0.00000E+00 0.00000E+00 0.21736E+00 0.20713E+00 0.00000E+00
 0.22096E+00 0.00000E+00 0.35953E+00 0.00000E+00 0.41952E+00 0.00000E+00
 0.26695E+00 0.48601E+00 0.00000E+00 0.00000E+00 0.00000E+00 0.24704E+00
 0.39357E+00 0.00000E+00 0.33981E+00 0.00000E+00 0.26662E+00 0.00000E+00
 0.56231E+00 0.00000E+00 0.00000E+00 0.13450E+00 0.30319E+00 0.00000E+00
 0.10528E+00 0.00000E+00 0.00000E+00 0.37380E+00 0.52092E+00 0.00000E+00
 0.30408E+00 0.00000E+00 0.00000E+00 0.42450E+00 0.27142E+00 0.00000E+00
 0.25032E+00 0.00000E+00 0.28884E+00 0.00000E+00 0.46083E+00 0.00000E+00
 0.24976E+00 0.00000E+00 0.00000E+00 0.70354E+00 0.46705E-01 0.00000E+00
 0.41956E+00 0.00000E+00 0.00000E+00 0.52010E+00 0.60339E-01 0.00000E+00
 0.71521E+00 0.18817E+00 0.00000E+00 0.00000E+00 0.00000E+00 0.96618E-01
 0.27804E+00 0.00000E+00 0.00000E+00 0.49458E+00 0.22739E+00 0.00000E+00
 0.81571E+00 0.00000E+00 0.00000E+00 0.17021E+00 0.14077E-01 0.00000E+00
 0.63403E-01 0.00000E+00 0.34020E+00 0.00000E+00 0.59640E+00 0.00000E+00
 0.13502E+00 0.35708E+00 0.00000E+00 0.00000E+00 0.00000E+00 0.50790E+00
 0.18134E+00 0.00000E+00 0.00000E+00 0.33220E+00 0.48646E+00 0.00000E+00
 0.33257E+00 0.00000E+00 0.21688E+00 0.00000E+00 0.45055E+00 0.00000E+00
 0.56023E+00 0.00000E+00 0.14330E+00 0.00000E+00 0.29647E+00 0.00000E+00
 0.59526E-01 0.00000E+00 0.00000E+00 0.58318E-01 0.88216E+00 0.00000E+00
 0.41329E+00 0.00000E+00 0.00000E+00 0.24792E+00 0.33879E+00 0.00000E+00
 0.59631E+00 0.00000E+00 0.35684E+00 0.00000E+00 0.46843E-01 0.00000E+00
 0.89795E+00 0.00000E+00 0.00000E+00 0.10205E+00 0.00000E+00 0.00000E+00
 0.68186E+00 0.21628E+00 0.00000E+00 0.00000E+00 0.00000E+00 0.10186E+00
 0.45789E+00 0.00000E+00 0.33500E+00 0.00000E+00 0.20711E+00 0.00000E+00
 0.14615E+00 0.00000E+00 0.00000E+00 0.40403E-01 0.81345E+00 0.00000E+00
 0.86031E-01 0.00000E+00 0.00000E+00 0.25117E+00 0.66280E+00 0.00000E+00
 0.84804E+00 0.00000E+00 0.00000E+00 0.46077E-01 0.10588E+00 0.00000E+00
 0.54201E+00 0.00000E+00 0.00000E+00 0.15613E+00 0.30187E+00 0.00000E+00
 0.31102E+00 0.27235E+00 0.00000E+00 0.00000E+00 0.67899E-01 0.34874E+00
 0.17591E+00 0.00000E+00 0.00000E+00 0.82409E+00 0.00000E+00 0.00000E+00
 0.12602E+00 0.00000E+00 0.00000E+00 0.87398E+00 0.00000E+00 0.00000E+00
 0.75552E+00 0.00000E+00 0.00000E+00 0.17098E+00 0.73505E-01 0.00000E+00
 0.24877E+00 0.00000E+00 0.00000E+00 0.75123E+00 0.00000E+00 0.00000E+00
 0.17814E+00 0.00000E+00 0.00000E+00 0.82186E+00 0.00000E+00 0.00000E+00
 0.69274E-01 0.49295E+00 0.00000E+00 0.00000E+00 0.00000E+00 0.43778E+00
 0.28489E+00 0.00000E+00 0.00000E+00 0.67209E+00 0.43022E-01 0.00000E+00
 0.45779E+00 0.35706E+00 0.00000E+00 0.00000E+00 0.00000E+00 0.18514E+00
 0.32943E+00 0.64948E+00 0.00000E+00 0.00000E+00 0.00000E+00 0.21097E-01
 0.40779E+00 0.00000E+00 0.00000E+00 0.73340E-01 0.51887E+00 0.00000E+00
 0.12024E+00 0.00000E+00 0.00000E+00 0.19002E+00 0.68974E+00 0.00000E+00
 0.15943E+00 0.00000E+00 0.69884E+00 0.00000E+00 0.14173E+00 0.00000E+00
 0.17790E+00 0.00000E+00 0.00000E+00 0.75616E+00 0.65941E-01 0.00000E+00
 0.10137E-01 0.00000E+00 0.00000E+00 0.98986E+00 0.00000E+00 0.00000E+00
 0.56632E-01 0.00000E+00 0.00000E+00 0.28678E+00 0.65659E+00 0.00000E+00
 0.52632E-01 0.45351E+00 0.00000E+00 0.00000E+00 0.00000E+00 0.49386E+00
 0.29303E+00 0.48696E+00 0.00000E+00 0.00000E+00 0.00000E+00 0.22000E+00
 0.29287E+00 0.00000E+00 0.00000E+00 0.41708E+00 0.29005E+00 0.00000E+00
 0.13995E+00 0.00000E+00 0.00000E+00 0.86005E+00 0.00000E+00 0.00000E+00
 0.25654E+00 0.00000E+00 0.00000E+00 0.28186E-01 0.71527E+00 0.00000E+00
 0.16748E+00 0.00000E+00 0.00000E+00 0.83252E+00 0.00000E+00 0.00000E+00
 0.53067E-02 0.00000E+00 0.00000E+00 0.92531E+00 0.69387E-01 0.00000E+00
 0.21275E+00 0.00000E+00 0.00000E+00 0.61335E+00 0.17389E+00 0.00000E+00
 0.39255E+00 0.00000E+00 0.00000E+00 0.53734E+00 0.70106E-01 0.00000E+00
 0.25395E+00 0.00000E+00 0.00000E+00 0.87950E-01 0.65810E+00 0.00000E+00
 0.36868E+00 0.00000E+00 0.00000E+00 0.63132E+00 0.00000E+00 0.00000E+00
 0.45237E+00 0.00000E+00 0.00000E+00 0.54763E+00 0.00000E+00 0.00000E+00
 0.56520E-01 0.53818E+00 0.00000E+00 0.00000E+00 0.00000E+00 0.40530E+00
 0.83164E-01 0.00000E+00 0.22302E+00 0.00000E+00 0.69381E+00 0.00000E+00
 0.56949E+00 0.10769E+00 0.00000E+00 0.00000E+00 0.00000E+00 0.32282E+00
 0.35991E+00 0.00000E+00 0.00000E+00 0.23987E+00 0.40021E+00 0.00000E+00
 0.24192E+00 0.00000E+00 0.54742E+00 0.00000E+00 0.21066E+00 0.00000E+00
 0.35968E+00 0.46376E+00 0.00000E+00 0.00000E+00 0.00000E+00 0.17655E+00
 0.36027E+00 0.00000E+00 0.00000E+00 0.63973E+00 0.00000E+00 0.00000E+00
 0.50813E+00 0.00000E+00 0.39017E+00 0.00000E+00 0.10170E+00 0.00000E+00
 0.34009E+00 0.00000E+00 0.00000E+00 0.86018E-01 0.57389E+00 0.00000E+00
 0.45144E+00 0.00000E+00 0.00000E+00 0.14405E+00 0.40451E+00 0.00000E+00
 0.65756E+00 0.00000E+00 0.00000E+00 0.13703E+00 0.20542E+00 0.00000E+00
 0.61221E-01 0.00000E+00 0.00000E+00 0.80386E+00 0.13491E+00 0.00000E+00
 0.44290E+00 0.42673E+00 0.00000E+00 0.00000E+00 0.00000E+00 0.13037E+00
 0.73667E-01 0.00000E+00 0.00000E+00 0.55615E+00 0.37018E+00 0.00000E+00
 0.10660E+00 0.00000E+00 0.00000E+00 0.89340E+00 0.00000E+00 0.00000E+00
 0.63399E+00 0.00000E+00 0.30750E+00 0.00000E+00 0.58517E-01 0.00000E+00
 0.61168E+00 0.00000E+00 0.17679E+00 0.00000E+00 0.21153E+00 0.00000E+00
 0.61464E+00 0.00000E+00 0.00000E+00 0.43470E-01 0.34189E+00 0.00000E+00
 0.43645E+00 0.00000E+00 0.00000E+00 0.10624E+00 0.45732E+00 0.00000E+00
 0.34767E+00 0.00000E+00 0.00000E+00 0.65233E+00 0.00000E+00 0.00000E+00
 0.78409E-01 0.00000E+00 0.00000E+00 0.24060E+00 0.68099E+00 0.00000E+00
 0.47391E+00 0.38218E+00 0.00000E+00 0.00000E+00 0.00000E+00 0.14391E+00
 0.42407E+00 0.00000E+00 0.00000E+00 0.57593E+00 0.00000E+00 0.00000E+00
 0.50536E+00 0.00000E+00 0.00000E+00 0.33024E+00 0.16439E+00 0.00000E+00
 0.25081E+00 0.00000E+00 0.13634E+00 0.00000E+00 0.61285E+00 0.00000E+00
 0.73207E+00 0.00000E+00 0.17277E+00 0.00000E+00 0.95161E-01 0.00000E+00
 0.49876E+00 0.21039E+00 0.00000E+00 0.00000E+00 0.00000E+00 0.29084E+00
 0.41902E+00 0.00000E+00 0.00000E+00 0.33334E+00 0.24764E+00 0.00000E+00
 0.54166E+00 0.00000E+00 0.33173E+00 0.00000E+00 0.12661E+00 0.00000E+00
 0.27478E+00 0.00000E+00 0.00000E+00 0.72522E+00 0.00000E+00 0.00000E+00
 0.28889E+00 0.00000E+00 0.53012E+00 0.00000E+00 0.18099E+00 0.00000E+00
 0.36019E+00 0.30382E+00 0.00000E+00 0.00000E+00 0.00000E+00 0.33599E+00
 0.75244E+00 0.00000E+00 0.15633E+00 0.00000E+00 0.91236E-01 0.00000E+00
 0.50192E+00 0.48656E+00 0.00000E+00 0.00000E+00 0.00000E+00 0.11520E-01
 0.59557E+00 0.65637E-01 0.00000E+00 0.00000E+00 0.00000E+00 0.33880E+00
 0.42706E+00 0.00000E+00 0.00000E+00 0.57294E+00 0.00000E+00 0.00000E+00
 0.31908E-01 0.30840E+00 0.00000E+00 0.00000E+00 0.00000E+00 0.65969E+00
 0.57088E+00 0.00000E+00 0.00000E+00 0.25515E+00 0.17397E+00 0.00000E+00
 0.65587E-01 0.65796E+00 0.00000E+00 0.00000E+00 0.00000E+00 0.27645E+00
 0.35854E-01 0.00000E+00 0.00000E+00 0.49263E-01 0.91488E+00 0.00000E+00
 0.23171E+00 0.00000E+00 0.00000E+00 0.76829E+00 0.00000E+00 0.00000E+00
 0.55895E+00 0.21206E+00 0.00000E+00 0.00000E+00 0.00000E+00 0.22898E+00
 0.92608E+00 0.00000E+00 0.00000E+00 0.73916E-01 0.00000E+00 0.00000E+00
 0.28750E+00 0.00000E+00 0.00000E+00 0.89491E-01 0.62301E+00 0.00000E+00
 0.69244E+00 0.24681E+00 0.00000E+00 0.00000E+00 0.00000E+00 0.60749E-01
 0.57386E-01 0.00000E+00 0.00000E+00 0.94261E+00 0.00000E+00 0.00000E+00
 0.53677E-01 0.00000E+00 0.00000E+00 0.89556E+00 0.50762E-01 0.00000E+00
 0.42818E+00 0.00000E+00 0.00000E+00 0.37387E+00 0.19795E+00 0.00000E+00
 0.75688E+00 0.00000E+00 0.00000E+00 0.24312E+00 0.00000E+00 0.00000E+00
 0.66512E-01 0.00000E+00 0.00000E+00 0.93349E+00 0.00000E+00 0.00000E+00
 0.39760E+00 0.00000E+00 0.32275E+00 0.00000E+00 0.27964E+00 0.00000E+00
 0.16261E+00 0.00000E+00 0.00000E+00 0.28293E+00 0.55446E+00 0.00000E+00
 0.45282E+00 0.00000E+00 0.00000E+00 0.13658E+00 0.41060E+00 0.00000E+00
 0.28680E+00 0.00000E+00 0.00000E+00 0.71320E+00 0.00000E+00 0.00000E+00
 0.29382E+00 0.00000E+00 0.61835E+00 0.00000E+00 0.87834E-01 0.00000E+00
 0.16527E+00 0.00000E+00 0.54209E+00 0.00000E+00 0.29264E+00 0.00000E+00
 0.48112E+00 0.00000E+00 0.00000E+00 0.24188E-01 0.49469E+00 0.00000E+00
 0.20714E+00 0.00000E+00 0.00000E+00 0.68016E+00 0.11269E+00 0.00000E+00
 0.18820E+00 0.00000E+00 0.00000E+00 0.81180E+00 0.00000E+00 0.00000E+00
 0.60656E-01 0.00000E+00 0.00000E+00 0.90519E-01 0.84883E+00 0.00000E+00
 0.29305E+00 0.00000E+00 0.00000E+00 0.13203E+00 0.57491E+00 0.00000E+00
 0.63787E+00 0.00000E+00 0.00000E+00 0.26857E+00 0.93565E-01 0.00000E+00
 0.51072E-01 0.00000E+00 0.00000E+00 0.33430E-01 0.91550E+00 0.00000E+00
 0.32545E+00 0.00000E+00 0.00000E+00 0.60868E+00 0.65863E-01 0.00000E+00
 0.47534E+00 0.00000E+00 0.00000E+00 0.52466E+00 0.00000E+00 0.00000E+00
 0.19501E+00 0.00000E+00 0.00000E+00 0.41535E+00 0.38964E+00 0.00000E+00
 0.49328E-01 0.00000E+00 0.00000E+00 0.95067E+00 0.00000E+00 0.00000E+00
 0.84079E-01 0.00000E+00 0.00000E+00 0.97931E-01 0.81799E+00 0.00000E+00
 0.22201E+00 0.00000E+00 0.73127E+00 0.00000E+00 0.46719E-01 0.00000E+00
 0.42279E+00 0.00000E+00 0.00000E+00 0.37365E+00 0.20356E+00 0.00000E+00
 0.66028E+00 0.00000E+00 0.71453E-01 0.00000E+00 0.26827E+00 0.00000E+00
 0.12885E+00 0.00000E+00 0.00000E+00 0.41509E-01 0.82964E+00 0.00000E+00
 0.11507E+00 0.41606E+00 0.00000E+00 0.00000E+00 0.00000E+00 0.46887E+00
 0.53245E-01 0.00000E+00 0.00000E+00 0.94676E+00 0.00000E+00 0.00000E+00
 0.24465E-01 0.30229E+00 0.00000E+00 0.00000E+00 0.00000E+00 0.67325E+00
 0.37373E+00 0.00000E+00 0.00000E+00 0.37169E-01 0.58910E+00 0.00000E+00
 0.22067E+00 0.59343E+00 0.00000E+00 0.00000E+00 0.00000E+00 0.18590E+00
 0.59357E+00 0.00000E+00 0.00000E+00 0.12994E+00 0.27649E+00 0.00000E+00
 0.55270E+00 0.00000E+00 0.00000E+00 0.44730E+00 0.00000E+00 0.00000E+00
 0.67708E+00 0.00000E+00 0.00000E+00 0.32292E+00 0.00000E+00 0.00000E+00
 0.70781E+00 0.00000E+00 0.00000E+00 0.83699E-01 0.20849E+00 0.00000E+00
 0.19770E+00 0.00000E+00 0.00000E+00 0.36546E-01 0.76576E+00 0.00000E+00
 0.98296E-01 0.17157E+00 0.00000E+00 0.00000E+00 0.00000E+00 0.73013E+00
 0.69298E+00 0.00000E+00 0.00000E+00 0.15172E+00 0.15530E+00 0.00000E+00
 0.83188E+00 0.00000E+00 0.00000E+00 0.16812E+00 0.00000E+00 0.00000E+00
 0.13127E+00 0.00000E+00 0.27957E+00 0.00000E+00 0.58916E+00 0.00000E+00
 0.17409E+00 0.00000E+00 0.00000E+00 0.70416E+00 0.12174E+00 0.00000E+00
 0.65467E+00 0.00000E+00 0.00000E+00 0.75241E-01 0.27009E+00 0.00000E+00
 0.39629E+00 0.00000E+00 0.00000E+00 0.60371E+00 0.00000E+00 0.00000E+00
 0.23970E+00 0.00000E+00 0.00000E+00 0.65176E+00 0.10853E+00 0.00000E+00
 0.23703E+00 0.00000E+00 0.41996E+00 0.00000E+00 0.34302E+00 0.00000E+00
 0.39206E+00 0.00000E+00 0.00000E+00 0.37479E+00 0.23315E+00 0.00000E+00
 0.32451E+00 0.27386E+00 0.00000E+00 0.00000E+00 0.00000E+00 0.40163E+00
 0.34436E+00 0.00000E+00 0.00000E+00 0.61642E+00 0.39215E-01 0.00000E+00
 0.50793E-01 0.00000E+00 0.00000E+00 0.94921E+00 0.00000E+00 0.00000E+00
 0.30243E+00 0.00000E+00 0.00000E+00 0.69757E+00 0.00000E+00 0.00000E+00
 0.36978E+00 0.00000E+00 0.46374E+00 0.00000E+00 0.16648E+00 0.00000E+00
 0.23688E+00 0.00000E+00 0.00000E+00 0.40859E+00 0.35453E+00 0.00000E+00
 0.41103E+00 0.00000E+00 0.00000E+00 0.56541E+00 0.23562E-01 0.00000E+00
 0.14307E+00 0.35903E+00 0.00000E+00 0.00000E+00 0.00000E+00 0.49789E+00
 0.11550E+00 0.00000E+00 0.00000E+00 0.88450E+00 0.00000E+00 0.00000E+00
 0.11980E+00 0.00000E+00 0.00000E+00 0.43648E+00 0.44372E+00 0.00000E+00
 0.45547E-01 0.00000E+00 0.00000E+00 0.90958E+00 0.44877E-01 0.00000E+00
 0.63890E-01 0.00000E+00 0.00000E+00 0.93611E+00 0.00000E+00 0.00000E+00
 0.24612E+00 0.00000E+00 0.35800E+00 0.00000E+00 0.39587E+00 0.00000E+00
 0.34763E+00 0.00000E+00 0.46682E+00 0.00000E+00 0.18555E+00 0.00000E+00
 0.61482E-01 0.74621E-01 0.00000E+00 0.00000E+00 0.00000E+00 0.86390E+00
 0.66240E+00 0.00000E+00 0.00000E+00 0.65657E-01 0.27194E+00 0.00000E+00
 0.34632E+00 0.00000E+00 0.00000E+00 0.65368E+00 0.00000E+00 0.00000E+00
 0.26856E+00 0.00000E+00 0.00000E+00 0.27262E-01 0.70418E+00 0.00000E+00
 0.20148E+00 0.00000E+00 0.00000E+00 0.79852E+00 0.00000E+00 0.00000E+00
 0.31945E+00 0.00000E+00 0.00000E+00 0.55061E+00 0.12994E+00 0.00000E+00
 0.29158E+00 0.00000E+00 0.00000E+00 0.39210E+00 0.31632E+00 0.00000E+00
 0.10426E+00 0.00000E+00 0.00000E+00 0.76193E+00 0.13381E+00 0.00000E+00
 0.17552E+00 0.00000E+00 0.00000E+00 0.11957E+00 0.70491E+00 0.00000E+00
 0.22446E+00 0.00000E+00 0.42483E+00 0.00000E+00 0.35072E+00 0.00000E+00
 0.33534E+00 0.00000E+00 0.00000E+00 0.51531E+00 0.14935E+00 0.00000E+00
 0.24760E+00 0.00000E+00 0.00000E+00 0.69803E+00 0.54372E-01 0.00000E+00
 0.65352E-01 0.00000E+00 0.00000E+00 0.45110E+00 0.48355E+00 0.00000E+00
 0.28302E+00 0.00000E+00 0.00000E+00 0.71698E+00 0.00000E+00 0.00000E+00
 0.56448E+00 0.00000E+00 0.10506E+00 0.00000E+00 0.33046E+00 0.00000E+00
 0.12519E+00 0.00000E+00 0.72879E+00 0.00000E+00 0.14602E+00 0.00000E+00
 0.39701E+00 0.00000E+00 0.58354E+00 0.00000E+00 0.19447E-01 0.00000E+00
 0.17818E+00 0.00000E+00 0.00000E+00 0.75535E+00 0.66465E-01 0.00000E+00
 0.40904E+00 0.00000E+00 0.00000E+00 0.51612E+00 0.74834E-01 0.00000E+00
 0.17566E+00 0.82076E-01 0.00000E+00 0.00000E+00 0.00000E+00 0.74226E+00
 0.43130E+00 0.00000E+00 0.00000E+00 0.56870E+00 0.00000E+00 0.00000E+00
 0.20207E+00 0.00000E+00 0.00000E+00 0.65283E+00 0.14510E+00 0.00000E+00
 0.96610E-01 0.00000E+00 0.20820E+00 0.00000E+00 0.69519E+00 0.00000E+00
 0.12939E+00 0.00000E+00 0.55408E+00 0.00000E+00 0.31653E+00 0.00000E+00
 0.31560E+00 0.00000E+00 0.00000E+00 0.68440E+00 0.00000E+00 0.00000E+00
 0.93992E-01 0.00000E+00 0.00000E+00 0.65128E+00 0.25473E+00 0.00000E+00
 0.24888E+00 0.41907E+00 0.00000E+00 0.00000E+00 0.00000E+00 0.33205E+00
 0.49043E-02 0.00000E+00 0.00000E+00 0.16249E+00 0.83260E+00 0.00000E+00
 0.24127E+00 0.00000E+00 0.00000E+00 0.75873E+00 0.00000E+00 0.00000E+00
 0.36526E+00 0.00000E+00 0.47543E+00 0.00000E+00 0.15932E+00 0.00000E+00
 0.75289E+00 0.13756E+00 0.00000E+00 0.00000E+00 0.00000E+00 0.10955E+00
 0.15796E+00 0.65565E+00 0.00000E+00 0.00000E+00 0.00000E+00 0.18639E+00
 0.57767E+00 0.00000E+00 0.81500E-01 0.00000E+00 0.34083E+00 0.00000E+00
 0.26668E+00 0.00000E+00 0.26366E+00 0.00000E+00 0.46967E+00 0.00000E+00
 0.25462E+00 0.00000E+00 0.00000E+00 0.32443E+00 0.42095E+00 0.00000E+00
 0.48651E+00 0.00000E+00 0.00000E+00 0.18641E+00 0.32708E+00 0.00000E+00
 0.12465E-01 0.00000E+00 0.00000E+00 0.98272E-01 0.88926E+00 0.00000E+00
 0.11328E+00 0.00000E+00 0.00000E+00 0.75401E+00 0.13271E+00 0.00000E+00
 0.62776E+00 0.00000E+00 0.00000E+00 0.32512E+00 0.47120E-01 0.00000E+00
 0.29410E+00 0.00000E+00 0.00000E+00 0.16508E+00 0.54082E+00 0.00000E+00
 0.24381E+00 0.62094E+00 0.00000E+00 0.00000E+00 0.00000E+00 0.13525E+00
 0.32136E+00 0.00000E+00 0.00000E+00 0.83236E-01 0.59541E+00 0.00000E+00
 0.42728E+00 0.50781E+00 0.00000E+00 0.00000E+00 0.00000E+00 0.64909E-01
 0.76569E+00 0.00000E+00 0.00000E+00 0.20286E+00 0.31449E-01 0.00000E+00
 0.10605E-01 0.00000E+00 0.20454E+00 0.00000E+00 0.78485E+00 0.00000E+00
 0.42146E+00 0.19885E+00 0.00000E+00 0.00000E+00 0.00000E+00 0.37969E+00
 0.31990E-01 0.00000E+00 0.00000E+00 0.48184E+00 0.48617E+00 0.00000E+00
 0.24692E-01 0.53322E+00 0.00000E+00 0.00000E+00 0.00000E+00 0.44209E+00
